  1   5988
  2   6170
  3   4267
  4   5011
  5   5283
  6  58258
  7  50972
  8  59434
  9  40978
 10  53208
 11 181649
 12 234179
 13 178840
 14 157476
 15 172995
 16 407703
 17 332804
 18 544838
 19 477684
 20 406094
 21 898925
 22 556873
 23 539716
 24 744287
 25 585306
 26      8
 27    718
 28     27
 29    480
 30     50
 31  24202
 32  25469
 33  32964
 34  22215
 35  19114
 36 108293
 37 181850
 38  90440
 39 151701
 40 129728
 41 462324
 42 425875
 43 320537
 44 360193
 45 306040
 46 829828
 47 623356
 48 748988
 49 656693
 50 599269
 51      0
 52      0
 53      0
 54      0
 55      0
 56   9046
 57  11539
 58  16313
 59   7965
 60  19912
 61  86793
 62  87067
 63  96563
 64 100788
 65  56510
 66 243872
 67 401023
 68 399085
 69 309232
 70 222684
 71 640816
 72 611362
 73 623429
 74 584628
 75 575274
 76      0
 77      0
 78      0
 79      0
 80      0
 81   1400
 82    317
 83   1146
 84    136
 85    284
 86  66850
 87  84229
 88  55544
 89  54612
 90  75061
 91 248699
 92 311022
 93 326258
 94 273993
 95 316870
 96 495516
 97 636903
 98 680082
 99 622464
100 449545
101      0
102      0
103      0
104      0
105      0
106      0
107   1193
108      0
109    232
110      0
111 159138
112 174377
113  91171
114 168297
115  70190
116 370631
117 324437
118 246243
119 293576
120 267326
121 471214
122 570459
123 397029
124 431115
125 560754