  1   2134
  2   1996
  3   2583
  4   2691
  5   1518
  6  26276
  7  11403
  8   8499
  9   9884
 10  10655
 11  43504
 12  36378
 13  45383
 14  51785
 15  38934
 16  87902
 17  84260
 18 104795
 19  89299
 20  72316
 21 214546
 22 150800
 23 224025
 24 116015
 25 240179
 26      2
 27      4
 28    755
 29     99
 30     22
 31   9934
 32   7178
 33   4674
 34   4017
 35   6459
 36  34892
 37  22739
 38  29467
 39  49352
 40  26423
 41  71111
 42  90163
 43  84126
 44 123893
 45  79883
 46 157505
 47 133289
 48 191099
 49 150279
 50 198076
 51      0
 52      0
 53      0
 54      0
 55      0
 56   1258
 57   3679
 58   2522
 59   3770
 60   5904
 61  25212
 62  17337
 63  30729
 64  18082
 65  25028
 66  76878
 67  85413
 68  92756
 69  77930
 70  74750
 71 150580
 72 131680
 73  98494
 74 135394
 75 135677
 76      0
 77      0
 78      0
 79      0
 80      0
 81    816
 82   4879
 83    973
 84    508
 85   3780
 86  20751
 87  36053
 88  28268
 89  28846
 90  15451
 91  89298
 92  66340
 93  61060
 94  42453
 95  56522
 96 177909
 97 139591
 98 148906
 99 179264
100 120108
101      0
102      0
103      0
104      0
105      0
106      0
107   1717
108      0
109   6185
110   1295
111  27310
112  15867
113  35106
114  15467
115  10574
116  35727
117  71922
118  65433
119 106043
120 101665
121  78315
122 119925
123 101157
124 139488
125 110392