  1    913
  2   1225
  3    537
  4   2094
  5    990
  6   6955
  7   6324
  8   6865
  9  16225
 10   9737
 11  17465
 12  19312
 13  29256
 14  14377
 15  26914
 16  72317
 17  78623
 18  74310
 19  77122
 20  63229
 21  77774
 22 100484
 23 135618
 24 119947
 25 128747
 26    108
 27     64
 28     15
 29     47
 30     98
 31   6575
 32   4098
 33   5468
 34   2648
 35   5290
 36  19732
 37  17349
 38  24499
 39  19008
 40  19611
 41  57640
 42  81462
 43  65134
 44  78139
 45  66579
 46  64451
 47 113999
 48  74323
 49 110295
 50  95616
 51      0
 52      0
 53      0
 54      0
 55      0
 56   2099
 57   2260
 58   4936
 59   3784
 60   3289
 61  20281
 62  13403
 63  19771
 64  24346
 65  14905
 66  65386
 67  65756
 68  78451
 69  81627
 70  68242
 71  90486
 72 115249
 73  68529
 74  79006
 75  98110
 76      0
 77      0
 78      0
 79      0
 80      0
 81    684
 82    172
 83    798
 84    617
 85    776
 86  10262
 87  18646
 88  10021
 89  25881
 90   8159
 91  47683
 92  43004
 93  55730
 94  59494
 95  42688
 96 126048
 97 114686
 98 112102
 99  98206
100 157296
101      0
102      0
103      0
104      0
105      0
106      0
107    516
108   3354
109      0
110      0
111  31478
112  21169
113  27077
114  19648
115  13774
116  46770
117  50364
118  25460
119  66707
120  69019
121 122266
122  82456
123  75118
124  73041
125 104531